poll_count <- 113
t <- c(163, 165, 164, 162, 161, 161, 160, 159, 159, 159, 156, 156, 155, 155, 155, 154, 154, 153, 152, 149, 148, 147, 146, 145, 143, 141, 141, 140, 135, 137, 136, 134, 134, 133, 131, 129, 128, 128, 127, 127, 126, 124, 118, 118, 120, 118, 114, 111, 110, 110, 108, 108, 107, 106, 105, 100, 100, 99, 99, 98, 96, 96, 94, 92, 92, 92, 89, 84, 85, 83, 82, 78, 78, 75, 72, 71, 71, 71, 70, 64, 64, 59, 58, 57, 57, 54, 53, 52, 50, 50, 50, 45, 43, 43, 43, 39, 41, 37, 36, 36, 35, 29, 26, 22, 19, 16, 15, 15, 15, 8, 7, 3, 1)
rema <- c(0.41, 0.44, 0.45, 0.42, 0.53, 0.45, 0.44, 0.44, 0.42, 0.42, 0.43, 0.39, 0.45, 0.44, 0.46, 0.4, 0.48, 0.42, 0.44, 0.43, 0.43, 0.48, 0.41, 0.43, 0.41, 0.42, 0.44, 0.51, 0.44, 0.44, 0.41, 0.41, 0.45, 0.55, 0.44, 0.44, 0.52, 0.55, 0.47, 0.43, 0.55, 0.38, 0.36, 0.38, 0.44, 0.42, 0.44, 0.43, 0.42, 0.39, 0.41, 0.45, 0.43, 0.44, 0.51, 0.51, 0.49, 0.48, 0.43, 0.53, 0.38, 0.4, 0.39, 0.35, 0.45, 0.42, 0.4, 0.39, 0.44, 0.51, 0.39, 0.35, 0.41, 0.45, 0.49, 0.4, 0.48, 0.41, 0.46, 0.47, 0.43, 0.45, 0.48, 0.49, 0.4, 0.4, 0.4, 0.39, 0.41, 0.39, 0.48, 0.37, 0.38, 0.42, 0.51, 0.45, 0.4, 0.54, 0.36, 0.43, 0.49, 0.41, 0.36, 0.42, 0.38, 0.55, 0.44, 0.54, 0.41, 0.42, 0.38, 0.42, 0.44)
leav <- c(0.43, 0.45, 0.44, 0.44, 0.46, 0.42, 0.43, 0.44, 0.44, 0.45, 0.49, 0.46, 0.5, 0.49, 0.45, 0.47, 0.49, 0.43, 0.42, 0.42, 0.48, 0.47, 0.45, 0.41, 0.41, 0.45, 0.47, 0.46, 0.45, 0.38, 0.41, 0.43, 0.45, 0.42, 0.4, 0.4, 0.41, 0.37, 0.39, 0.47, 0.4, 0.41, 0.39, 0.4, 0.46, 0.4, 0.45, 0.46, 0.41, 0.36, 0.42, 0.38, 0.45, 0.46, 0.43, 0.4, 0.39, 0.41, 0.44, 0.41, 0.34, 0.39, 0.39, 0.35, 0.38, 0.45, 0.38, 0.38, 0.43, 0.44, 0.43, 0.35, 0.45, 0.43, 0.41, 0.37, 0.41, 0.43, 0.35, 0.49, 0.41, 0.4, 0.45, 0.35, 0.41, 0.37, 0.35, 0.37, 0.41, 0.45, 0.37, 0.38, 0.36, 0.4, 0.39, 0.32, 0.41, 0.36, 0.39, 0.39, 0.41, 0.42, 0.45, 0.39, 0.42, 0.36, 0.42, 0.36, 0.41, 0.4, 0.4, 0.45, 0.38)
unde <- c(0.16, 0.09, 0.11, 0.13, 0.02, 0.13, 0.09, 0.12, 0.09, 0.13, 0.03, 0.15, 0.05, 0.07, 0.09, 0.13, 0.03, 0.11, 0.13, 0.11, 0.09, 0.05, 0.11, 0.16, 0.13, 0.15, 0.09, 0.03, 0.12, 0.18, 0.13, 0.16, 0.1, 0.03, 0.14, 0.12, 0.07, 0.05, 0.14, 0.1, 0.05, 0.21, 0.22, 0.16, 0.11, 0.13, 0.11, 0.11, 0.14, 0.26, 0.13, 0.17, 0.13, 0.1, 0.06, 0.09, 0.08, 0.11, 0.13, 0.06, 0.28, 0.16, 0.17, 0.3, 0.17, 0.12, 0.16, 0.18, 0.13, 0.05, 0.18, 0.3, 0.14, 0.12, 0.1, 0.19, 0.11, 0.17, 0.19, 0.04, 0.16, 0.16, 0.07, 0.15, 0.19, 0.18, 0.19, 0.19, 0.18, 0.18, 0.15, 0.25, 0.25, 0.17, 0.1, 0.23, 0.19, 0.1, 0.25, 0.18, 0.1, 0.17, 0.19, 0.19, 0.2, 0.09, 0.14, 0.1, 0.18, 0.17, 0.22, 0.12, 0.18)
n <- c(2320, 3011, 1003, 1652, 800, 1004, 1694, 2006, 1734, 1104, 1257, 1905, 1000, 2001, 1002, 2497, 800, 1671, 2009, 2001, 2047, 800, 3405, 2007, 1735, 1004, 2052, 800, 1638, 1013, 1756, 1213, 2003, 800, 2008, 1648, 1000, 1002, 1002, 2048, 800, 1222, 996, 1973, 2005, 3378, 2040, 2029, 2005, 1221, 1650, 1003, 2001, 2001, 800, 1002, 1026, 1003, 2008, 800, 1198, 3371, 1693, 1198, 1002, 2030, 1612, 3754, 2007, 800, 1966, 1193, 1518, 1970, 1023, 1688, 1002, 2000, 1006, 823, 2031, 2282, 4047, 966, 2051, 1695, 1705, 2233, 2003, 2071, 1002, 3482, 1517, 2021, 1000, 938, 1033, 497, 1079, 2001, 1105, 2018, 1675, 2002, 1735, 513, 1511, 1006, 2010, 2023, 1017, 2087, 2055)
pollsters <- 15
pollster <- c(4, 12, 8, 7, 5, 10, 7, 12, 7, 10, 11, 7, 3, 3, 13, 4, 15, 7, 12, 7, 3, 15, 7, 12, 7, 3, 3, 15, 2, 10, 7, 4, 3, 15, 12, 7, 13, 11, 3, 3, 15, 4, 7, 7, 3, 7, 3, 3, 12, 4, 7, 10, 2, 3, 15, 13, 11, 3, 3, 15, 4, 7, 7, 4, 13, 3, 7, 7, 3, 15, 12, 4, 2, 3, 11, 7, 13, 3, 10, 15, 3, 6, 14, 14, 3, 7, 7, 7, 3, 14, 14, 7, 2, 3, 13, 10, 12, 11, 4, 3, 13, 3, 1, 3, 7, 11, 2, 13, 3, 3, 10, 9, 3)
teleph <- c(0, 0, 1, 0, 1, 1, 0, 0, 0, 1, 1, 0, 1, 0, 1, 0, 1, 0, 0, 0, 0, 1, 0, 0, 0, 1, 0, 1, 0, 1, 0, 0, 0, 1, 0, 0, 1, 1, 1, 0, 1, 0, 1, 0, 0, 0, 0, 0, 0, 0, 0, 1, 0, 0, 1, 1, 1, 1, 0, 1, 0, 0, 0, 0, 1, 0, 0, 0, 0, 1, 0, 0, 0, 0, 1, 0, 1, 0, 1, 1, 0, 0, 0, 1, 0, 0, 0, 0, 0, 0, 1, 0, 0, 0, 1, 1, 0, 1, 0, 0, 1, 0, 0, 0, 0, 1, 0, 1, 0, 0, 0, 0, 0)
poll_count <- 113
t <- c(163, 165, 164, 162, 161, 161, 160, 159, 159, 159, 156, 156, 155, 155, 155, 154, 154, 153, 152, 149, 148, 147, 146, 145, 143, 141, 141, 140, 135, 137, 136, 134, 134, 133, 131, 129, 128, 128, 127, 127, 126, 124, 118, 118, 120, 118, 114, 111, 110, 110, 108, 108, 107, 106, 105, 100, 100, 99, 99, 98, 96, 96, 94, 92, 92, 92, 89, 84, 85, 83, 82, 78, 78, 75, 72, 71, 71, 71, 70, 64, 64, 59, 58, 57, 57, 54, 53, 52, 50, 50, 50, 45, 43, 43, 43, 39, 41, 37, 36, 36, 35, 29, 26, 22, 19, 16, 15, 15, 15, 8, 7, 3, 1)
rema <- c(0.41, 0.44, 0.45, 0.42, 0.53, 0.45, 0.44, 0.44, 0.42, 0.42, 0.43, 0.39, 0.45, 0.44, 0.46, 0.4, 0.48, 0.42, 0.44, 0.43, 0.43, 0.48, 0.41, 0.43, 0.41, 0.42, 0.44, 0.51, 0.44, 0.44, 0.41, 0.41, 0.45, 0.55, 0.44, 0.44, 0.52, 0.55, 0.47, 0.43, 0.55, 0.38, 0.36, 0.38, 0.44, 0.42, 0.44, 0.43, 0.42, 0.39, 0.41, 0.45, 0.43, 0.44, 0.51, 0.51, 0.49, 0.48, 0.43, 0.53, 0.38, 0.4, 0.39, 0.35, 0.45, 0.42, 0.4, 0.39, 0.44, 0.51, 0.39, 0.35, 0.41, 0.45, 0.49, 0.4, 0.48, 0.41, 0.46, 0.47, 0.43, 0.45, 0.48, 0.49, 0.4, 0.4, 0.4, 0.39, 0.41, 0.39, 0.48, 0.37, 0.38, 0.42, 0.51, 0.45, 0.4, 0.54, 0.36, 0.43, 0.49, 0.41, 0.36, 0.42, 0.38, 0.55, 0.44, 0.54, 0.41, 0.42, 0.38, 0.42, 0.44)
leav <- c(0.43, 0.45, 0.44, 0.44, 0.46, 0.42, 0.43, 0.44, 0.44, 0.45, 0.49, 0.46, 0.5, 0.49, 0.45, 0.47, 0.49, 0.43, 0.42, 0.42, 0.48, 0.47, 0.45, 0.41, 0.41, 0.45, 0.47, 0.46, 0.45, 0.38, 0.41, 0.43, 0.45, 0.42, 0.4, 0.4, 0.41, 0.37, 0.39, 0.47, 0.4, 0.41, 0.39, 0.4, 0.46, 0.4, 0.45, 0.46, 0.41, 0.36, 0.42, 0.38, 0.45, 0.46, 0.43, 0.4, 0.39, 0.41, 0.44, 0.41, 0.34, 0.39, 0.39, 0.35, 0.38, 0.45, 0.38, 0.38, 0.43, 0.44, 0.43, 0.35, 0.45, 0.43, 0.41, 0.37, 0.41, 0.43, 0.35, 0.49, 0.41, 0.4, 0.45, 0.35, 0.41, 0.37, 0.35, 0.37, 0.41, 0.45, 0.37, 0.38, 0.36, 0.4, 0.39, 0.32, 0.41, 0.36, 0.39, 0.39, 0.41, 0.42, 0.45, 0.39, 0.42, 0.36, 0.42, 0.36, 0.41, 0.4, 0.4, 0.45, 0.38)
unde <- c(0.16, 0.09, 0.11, 0.13, 0.02, 0.13, 0.09, 0.12, 0.09, 0.13, 0.03, 0.15, 0.05, 0.07, 0.09, 0.13, 0.03, 0.11, 0.13, 0.11, 0.09, 0.05, 0.11, 0.16, 0.13, 0.15, 0.09, 0.03, 0.12, 0.18, 0.13, 0.16, 0.1, 0.03, 0.14, 0.12, 0.07, 0.05, 0.14, 0.1, 0.05, 0.21, 0.22, 0.16, 0.11, 0.13, 0.11, 0.11, 0.14, 0.26, 0.13, 0.17, 0.13, 0.1, 0.06, 0.09, 0.08, 0.11, 0.13, 0.06, 0.28, 0.16, 0.17, 0.3, 0.17, 0.12, 0.16, 0.18, 0.13, 0.05, 0.18, 0.3, 0.14, 0.12, 0.1, 0.19, 0.11, 0.17, 0.19, 0.04, 0.16, 0.16, 0.07, 0.15, 0.19, 0.18, 0.19, 0.19, 0.18, 0.18, 0.15, 0.25, 0.25, 0.17, 0.1, 0.23, 0.19, 0.1, 0.25, 0.18, 0.1, 0.17, 0.19, 0.19, 0.2, 0.09, 0.14, 0.1, 0.18, 0.17, 0.22, 0.12, 0.18)
n <- c(2320, 3011, 1003, 1652, 800, 1004, 1694, 2006, 1734, 1104, 1257, 1905, 1000, 2001, 1002, 2497, 800, 1671, 2009, 2001, 2047, 800, 3405, 2007, 1735, 1004, 2052, 800, 1638, 1013, 1756, 1213, 2003, 800, 2008, 1648, 1000, 1002, 1002, 2048, 800, 1222, 996, 1973, 2005, 3378, 2040, 2029, 2005, 1221, 1650, 1003, 2001, 2001, 800, 1002, 1026, 1003, 2008, 800, 1198, 3371, 1693, 1198, 1002, 2030, 1612, 3754, 2007, 800, 1966, 1193, 1518, 1970, 1023, 1688, 1002, 2000, 1006, 823, 2031, 2282, 4047, 966, 2051, 1695, 1705, 2233, 2003, 2071, 1002, 3482, 1517, 2021, 1000, 938, 1033, 497, 1079, 2001, 1105, 2018, 1675, 2002, 1735, 513, 1511, 1006, 2010, 2023, 1017, 2087, 2055)
pollsters <- 15
pollster <- c(4, 12, 8, 7, 5, 10, 7, 12, 7, 10, 11, 7, 3, 3, 13, 4, 15, 7, 12, 7, 3, 15, 7, 12, 7, 3, 3, 15, 2, 10, 7, 4, 3, 15, 12, 7, 13, 11, 3, 3, 15, 4, 7, 7, 3, 7, 3, 3, 12, 4, 7, 10, 2, 3, 15, 13, 11, 3, 3, 15, 4, 7, 7, 4, 13, 3, 7, 7, 3, 15, 12, 4, 2, 3, 11, 7, 13, 3, 10, 15, 3, 6, 14, 14, 3, 7, 7, 7, 3, 14, 14, 7, 2, 3, 13, 10, 12, 11, 4, 3, 13, 3, 1, 3, 7, 11, 2, 13, 3, 3, 10, 9, 3)
teleph <- c(0, 0, 1, 0, 1, 1, 0, 0, 0, 1, 1, 0, 1, 0, 1, 0, 1, 0, 0, 0, 0, 1, 0, 0, 0, 1, 0, 1, 0, 1, 0, 0, 0, 1, 0, 0, 1, 1, 1, 0, 1, 0, 1, 0, 0, 0, 0, 0, 0, 0, 0, 1, 0, 0, 1, 1, 1, 1, 0, 1, 0, 0, 0, 0, 1, 0, 0, 0, 0, 1, 0, 0, 0, 0, 1, 0, 1, 0, 1, 1, 0, 0, 0, 1, 0, 0, 0, 0, 0, 0, 1, 0, 0, 0, 1, 1, 0, 1, 0, 0, 1, 0, 0, 0, 0, 1, 0, 1, 0, 0, 0, 0, 0)
